1.0 3.0 1.0 3.0 
2.0 3.0 2.0 1.0 
3.0 3.0 3.0 3.0 
1.0 3.0 2.0 3.0 

1.0 1.0 1.0 1.0 
1.0 1.0 1.0 1.0 
1.0 1.0 2.0 2.0 
1.0 1.0 2.0 2.0 

3.0 2.0 1.0 0.0 1.0 
4.0 2.0 1.0 1.0 1.0 
3.0 3.0 2.0 2.0 2.0 
4.0 3.0 3.0 4.0 4.0 
4.0 5.0 4.0 6.0 6.0 
x-x.x
| . |
x-.-x
| . |
x-x-x

(0,3): (gScore 6.414213562373095) (hScore 0.0)
(1,2): (gScore 5.0) (hScore 1.0)
(2,2): (gScore 3.0) (hScore 2.0)
(3,2): (gScore 0.0) (hScore 3.0)
Cost (Corners)  : 6.414213562373095
x-x.x
| |.|
x-x.x
| . |
x-x-x

(0,3) 
(1,3) 
(2,3) 
(3,2) 
Cost (Euclidian): 6.242640687119286
x-x.x
| |.|
x-x.x
| . |
x-x-x

(0,3) 
(1,3) 
(2,3) 
(3,2) 
Cost (Dijkstra) : 6.242640687119286

