
 Displaying graph...
2.0 1.0 1.0 1.0 
1.0 1.0 2.0 2.0 
3.0 2.0 1.0 3.0 
2.0 3.0 2.0 3.0 

 Displaying graph...
1.0 1.0 1.0 1.0 
1.0 1.0 1.0 1.0 
2.0 2.0 1.0 1.0 
2.0 2.0 1.0 1.0 
(0,0) ((0,0) to (0,1): 1.0) ((0,0) to (1,0): 1.0) ((0,0) to (0,2): 2.0) ((0,0) to (2,0): 2.0) ((0,0) to (2,2): 2.0) ((0,0) to (1,1): 1.0)  
 
(0,1) ((0,1) to (0,0): 1.0) ((0,1) to (0,2): 1.0)  
 
(0,2) ((0,2) to (0,1): 1.0) ((0,2) to (1,2): 1.0) ((0,2) to (0,0): 2.0) ((0,2) to (2,0): 2.0) ((0,2) to (2,2): 2.0) ((0,2) to (1,1): 1.0) ((0,2) to (0,3): 1.0) ((0,2) to (1,2): 1.0) ((0,2) to (0,4): 2.0) ((0,2) to (2,2): 2.0) ((0,2) to (2,4): 2.0) ((0,2) to (1,3): 1.0) ((0,2) to (2,4): 2.0)  
 
(0,3) ((0,3) to (0,2): 1.0) ((0,3) to (0,4): 1.0) ((0,3) to (2,4): 1.0)  
 
(0,4) ((0,4) to (0,3): 1.0) ((0,4) to (1,4): 1.0) ((0,4) to (0,2): 2.0) ((0,4) to (2,2): 2.0) ((0,4) to (2,4): 2.0) ((0,4) to (1,3): 1.0) ((0,4) to (2,4): 2.0)  
 
(1,0) ((1,0) to (0,0): 1.0) ((1,0) to (2,0): 1.0)  
 
(1,1) ((1,1) to (0,0): 1.0) ((1,1) to (0,2): 1.0) ((1,1) to (2,0): 1.0) ((1,1) to (2,2): 1.0)  
 
(1,2) ((1,2) to (0,2): 1.0) ((1,2) to (2,2): 1.0) ((1,2) to (0,2): 1.0) ((1,2) to (2,2): 1.0) ((1,2) to (2,4): 1.0)  
 
(1,3) ((1,3) to (0,2): 1.0) ((1,3) to (0,4): 1.0) ((1,3) to (2,2): 1.0) ((1,3) to (2,4): 1.0) ((1,3) to (2,4): 1.0)  
 
(1,4) ((1,4) to (0,4): 1.0) ((1,4) to (2,4): 1.0) ((1,4) to (2,4): 1.0)  
 
(2,0) ((2,0) to (1,0): 1.0) ((2,0) to (2,1): 1.0) ((2,0) to (0,0): 2.0) ((2,0) to (0,2): 2.0) ((2,0) to (2,2): 2.0) ((2,0) to (1,1): 1.0) ((2,0) to (2,1): 2.0) ((2,0) to (3,0): 2.0) ((2,0) to (2,2): 4.0) ((2,0) to (4,0): 4.0) ((2,0) to (4,2): 4.0) ((2,0) to (3,1): 2.0) ((2,0) to (4,0): 4.0) ((2,0) to (3,0): 2.0) ((2,0) to (3,0): 2.0) ((2,0) to (4,0): 4.0) ((2,0) to (3,1): 2.0) ((2,0) to (4,0): 4.0) ((2,0) to (3,2): 2.0)  
 
(2,1) ((2,1) to (2,0): 1.0) ((2,1) to (2,2): 1.0) ((2,1) to (2,0): 2.0) ((2,1) to (2,2): 2.0) ((2,1) to (4,0): 2.0) ((2,1) to (3,0): 2.0) ((2,1) to (3,0): 2.0) ((2,1) to (4,0): 2.0) ((2,1) to (3,1): 2.0) ((2,1) to (4,0): 2.0) ((2,1) to (3,2): 2.0)  
 
(2,2) ((2,2) to (1,2): 1.0) ((2,2) to (2,1): 1.0) ((2,2) to (0,0): 2.0) ((2,2) to (0,2): 2.0) ((2,2) to (2,0): 2.0) ((2,2) to (1,1): 1.0) ((2,2) to (1,2): 1.0) ((2,2) to (2,3): 1.0) ((2,2) to (0,2): 2.0) ((2,2) to (0,4): 2.0) ((2,2) to (2,4): 2.0) ((2,2) to (1,3): 1.0) ((2,2) to (2,1): 2.0) ((2,2) to (3,2): 2.0) ((2,2) to (2,0): 4.0) ((2,2) to (4,0): 4.0) ((2,2) to (4,2): 4.0) ((2,2) to (3,1): 2.0) ((2,2) to (2,3): 1.0) ((2,2) to (3,2): 1.0) ((2,2) to (2,4): 2.0) ((2,2) to (4,2): 2.0) ((2,2) to (4,4): 2.0) ((2,2) to (3,3): 1.0) ((2,2) to (4,0): 4.0) ((2,2) to (4,4): 2.0) ((2,2) to (3,0): 2.0) ((2,2) to (3,0): 2.0) ((2,2) to (4,0): 4.0) ((2,2) to (3,1): 2.0) ((2,2) to (4,4): 2.0) ((2,2) to (4,0): 4.0) ((2,2) to (3,2): 2.0) ((2,2) to (3,2): 1.0) ((2,2) to (4,4): 2.0) ((2,2) to (3,3): 1.0) ((2,2) to (2,4): 2.0) ((2,2) to (2,4): 2.0)  
 
(2,3) ((2,3) to (2,2): 1.0) ((2,3) to (2,4): 1.0) ((2,3) to (2,2): 1.0) ((2,3) to (2,4): 1.0) ((2,3) to (4,4): 1.0) ((2,3) to (4,4): 1.0) ((2,3) to (3,2): 1.0) ((2,3) to (4,4): 1.0) ((2,3) to (3,3): 1.0) ((2,3) to (2,4): 1.0) ((2,3) to (2,4): 1.0)  
 
(2,4) ((2,4) to (1,4): 1.0) ((2,4) to (2,3): 1.0) ((2,4) to (0,2): 2.0) ((2,4) to (0,4): 2.0) ((2,4) to (2,2): 2.0) ((2,4) to (1,3): 1.0) ((2,4) to (2,3): 1.0) ((2,4) to (3,4): 1.0) ((2,4) to (2,2): 2.0) ((2,4) to (4,2): 2.0) ((2,4) to (4,4): 2.0) ((2,4) to (3,3): 1.0) ((2,4) to (4,4): 2.0) ((2,4) to (4,4): 2.0) ((2,4) to (3,2): 1.0) ((2,4) to (4,4): 2.0) ((2,4) to (3,3): 1.0)  
 
(3,0) ((3,0) to (2,0): 2.0) ((3,0) to (4,0): 2.0) ((3,0) to (4,0): 2.0) ((3,0) to (4,0): 2.0) ((3,0) to (3,1): 2.0) ((3,0) to (4,0): 2.0) ((3,0) to (3,2): 4.0)  
 
(3,1) ((3,1) to (2,0): 2.0) ((3,1) to (2,2): 2.0) ((3,1) to (4,0): 2.0) ((3,1) to (4,2): 2.0) ((3,1) to (4,0): 2.0) ((3,1) to (3,0): 2.0) ((3,1) to (3,0): 2.0) ((3,1) to (4,0): 2.0) ((3,1) to (4,0): 2.0) ((3,1) to (3,2): 2.0)  
 
(3,2) ((3,2) to (2,2): 2.0) ((3,2) to (4,2): 2.0) ((3,2) to (2,2): 1.0) ((3,2) to (4,2): 1.0) ((3,2) to (4,0): 2.0) ((3,2) to (4,4): 1.0) ((3,2) to (3,0): 4.0) ((3,2) to (3,0): 4.0) ((3,2) to (4,0): 2.0) ((3,2) to (3,1): 2.0) ((3,2) to (4,4): 1.0) ((3,2) to (4,0): 2.0) ((3,2) to (4,4): 1.0) ((3,2) to (3,3): 1.0) ((3,2) to (2,4): 1.0)  
 
(3,3) ((3,3) to (2,2): 1.0) ((3,3) to (2,4): 1.0) ((3,3) to (4,2): 1.0) ((3,3) to (4,4): 1.0) ((3,3) to (4,4): 1.0) ((3,3) to (4,4): 1.0) ((3,3) to (3,2): 1.0) ((3,3) to (4,4): 1.0) ((3,3) to (2,4): 1.0)  
 
(3,4) ((3,4) to (2,4): 1.0) ((3,4) to (4,4): 1.0) ((3,4) to (4,4): 1.0) ((3,4) to (4,4): 1.0) ((3,4) to (3,2): 2.0) ((3,4) to (4,4): 1.0) ((3,4) to (3,3): 1.0) ((3,4) to (2,4): 1.0)  
 
(4,0) ((4,0) to (3,0): 2.0) ((4,0) to (4,1): 2.0) ((4,0) to (2,0): 4.0) ((4,0) to (2,2): 4.0) ((4,0) to (4,2): 4.0) ((4,0) to (3,1): 2.0) ((4,0) to (3,0): 2.0) ((4,0) to (3,0): 2.0) ((4,0) to (3,1): 2.0) ((4,0) to (3,2): 2.0)  
 
(4,1) ((4,1) to (4,0): 2.0) ((4,1) to (4,2): 2.0) ((4,1) to (4,0): 2.0) ((4,1) to (3,0): 2.0) ((4,1) to (3,0): 2.0) ((4,1) to (4,0): 2.0) ((4,1) to (3,1): 2.0) ((4,1) to (4,0): 2.0) ((4,1) to (3,2): 2.0)  
 
(4,2) ((4,2) to (3,2): 2.0) ((4,2) to (4,1): 2.0) ((4,2) to (2,0): 4.0) ((4,2) to (2,2): 4.0) ((4,2) to (4,0): 4.0) ((4,2) to (3,1): 2.0) ((4,2) to (3,2): 1.0) ((4,2) to (4,3): 1.0) ((4,2) to (2,2): 2.0) ((4,2) to (2,4): 2.0) ((4,2) to (4,4): 2.0) ((4,2) to (3,3): 1.0) ((4,2) to (4,0): 4.0) ((4,2) to (4,4): 2.0) ((4,2) to (3,0): 2.0) ((4,2) to (3,0): 2.0) ((4,2) to (4,0): 4.0) ((4,2) to (3,1): 2.0) ((4,2) to (4,4): 2.0) ((4,2) to (4,0): 4.0) ((4,2) to (3,2): 2.0) ((4,2) to (3,2): 1.0) ((4,2) to (4,4): 2.0) ((4,2) to (3,3): 1.0) ((4,2) to (2,4): 2.0)  
 
(4,3) ((4,3) to (4,2): 1.0) ((4,3) to (4,4): 1.0) ((4,3) to (4,4): 1.0) ((4,3) to (4,4): 1.0) ((4,3) to (3,2): 1.0) ((4,3) to (4,4): 1.0) ((4,3) to (3,3): 1.0) ((4,3) to (2,4): 1.0)  
 
(4,4) ((4,4) to (3,4): 1.0) ((4,4) to (4,3): 1.0) ((4,4) to (2,2): 2.0) ((4,4) to (2,4): 2.0) ((4,4) to (4,2): 2.0) ((4,4) to (3,3): 1.0) ((4,4) to (3,2): 1.0) ((4,4) to (3,3): 1.0) ((4,4) to (2,4): 2.0)  
 

 Displaying path...
x-x-x
....|
x-x-.
| | |
x-x-x
(2,4) (1,3) (1,2) (1,1) (1,0) Cost (Corners)  : 5.82842712474619

 Displaying path...
x-x-x
..| |
x-...
| | |
x-x-x
(2,4) (2,3) (2,2) (1,1) (1,0) Cost (Euclidian): 5.414213562373095

 Displaying path...
x-x-x
..| |
x-...
| | |
x-x-x
(2,4) (2,3) (2,2) (1,1) (1,0) Cost (Dijkstra) : 5.414213562373095

Performance: 19/20
